name,type,spring,summer,autumn,winter,repotWeeks
абрикос,плодовые,14,10,21,30,104
авокадо,плодовые,14,10,21,30,104
айва,плодовые,14,10,21,30,104
акация,декоративные,14,10,12,21,52
алое,суккуленты,14,10,12,21,52
амариллис,декоративно-цветущие,7,5,10,14,52
ананас,плодовые,14,10,21,30,104
анемона,декоративно-цветущие,3,2,3,5,26
антуриум,декоративно-цветущие,4,3,5,7,26
апельсин,плодовые,7,5,10,14,52
араукария,декоративные,21,14,21,30,104
аспарагус,ампельные,7,5,10,14,52
базилик,пряные,2,2,3,5,12
бадан,декоративные,7,5,10,14,52
бамбук,декоративные,7,5,10,14,52
банан,плодовые,14,10,21,30,104
барбарис,декоративные,7,5,10,14,52
бегония,декоративно-цветущие,5,3,5,7,26
бересклет,декоративные,7,5,10,14,52
виноград,плодовые,14,10,21,30,104
вишня,плодовые,14,10,21,30,104
гардения,декоративно-цветущие,7,5,10,14,52
герань,декоративно-цветущие,5,3,5,7,26
гибискус,декоративно-цветущие,7,5,10,14,52
гладиолус,декоративно-цветущие,3,2,3,5,26
гортензия,декоративно-цветущие,7,5,10,14,52
груша,плодовые,14,10,21,30,104
дыня,плодовые,14,10,21,30,104
ежевика,плодовые,14,10,21,30,104
жасмин,декоративно-цветущие,7,5,10,14,52
жимолость,плодовые,14,10,21,30,104
замиокулькас,декоративно-лиственные,21,14,21,30,104
земляника,плодовые,14,10,21,30,104
ибис,декоративно-цветущие,7,5,10,14,52
ипомея,декоративные,7,5,10,14,52
ирис,декоративно-цветущие,7,5,10,14,52
кактус,суккуленты,21,14,21,30,104
каланхоэ,суккуленты,14,10,12,21,52
кальцеолярия,декоративно-цветущие,3,2,3,5,26
камелия,декоративно-цветущие,7,5,10,14,52
капуста декоративная,декоративные,7,5,10,14,52
кедр,хвойные,21,14,21,30,104
клематис,декоративно-цветущие,7,5,10,14,52
клюква,плодовые,14,10,21,30,104
кориандр,пряные,2,2,3,5,12
космея,декоративно-цветущие,3,2,3,5,26
крассула,суккуленты,14,10,12,21,52
кустарник,декоративные,7,5,10,14,52
лаванда,пряные,7,5,10,14,52
лимон,плодовые,7,5,10,14,52
лилия,декоративно-цветущие,7,5,10,14,52
лук,пряные,2,2,3,5,12
люпин,декоративно-цветущие,3,2,3,5,26
малина,плодовые,14,10,21,30,104
мандарин,плодовые,7,5,10,14,52
мирт,декоративные,7,5,10,14,52
мята,пряные,2,2,3,5,26
мимоза,декоративные,14,10,12,21,52
монстера,декоративно-лиственные,7,5,10,14,52
наперстянка,декоративно-цветущие,3,2,3,5,26
настурция,декоративно-цветущие,3,2,3,5,26
огурец,плодовые,14,10,21,30,104
олива,плодовые,14,10,21,30,104
орегано,пряные,2,2,3,5,26
орхидея,орхидеи,10,7,10,14,52
папоротник,папоротники,3,2,3,5,26
папайя,плодовые,14,10,21,30,104
пеларгония,декоративно-цветущие,5,3,5,7,26
петуния,декоративно-цветущие,3,2,3,5,26
пихта,хвойные,21,14,21,30,104
плющ,ампельные,7,5,10,14,52
подсолнечник,декоративные,14,10,21,30,104
полынь,пряные,2,2,3,5,12
примула,декоративно-цветущие,3,2,3,5,26
розмарин,пряные,7,5,10,14,52
роза,декоративно-цветущие,7,5,10,14,52
руккола,плодовые,2,2,3,5,12
сальвия,декоративно-цветущие,3,2,3,5,26
сциндапсус,ампельные,7,5,10,14,52
сенполия,декоративно-цветущие,3,2,3,5,26
спатифиллум,декоративно-цветущие,3,2,3,5,26
стефанотис,декоративно-цветущие,7,5,10,14,52
суккуленты,суккуленты,14,10,12,21,52
фаленопсис,орхидеи,10,7,10,14,52
фиалка,декоративно-цветущие,3,2,3,5,26
фикус,декоративно-лиственные,7,5,10,14,52
фуксия,декоративно-цветущие,3,2,3,5,26
хамедорея,пальмы,10,7,10,14,52
хризантема,декоративно-цветущие,7,5,10,14,52
хлорофитум,листовые,3,2,3,5,26
цитрус,плодовые,7,5,10,14,52
чабрец,пряные,2,2,3,5,12
черника,плодовые,14,10,21,30,104
черешня,плодовые,14,10,21,30,104
череда,декоративно-цветущие,3,2,3,5,26
шалфей,пряные,2,2,3,5,12
шиповник,декоративные,7,5,10,14,52
шефлера,декоративно-лиственные,7,5,10,14,52
щавель,плодовые,2,2,3,5,12
яблоня,плодовые,14,10,21,30,104
ягодные кусты,плодовые,14,10,21,30,104
агератум,декоративно-цветущие,3,2,3,5,26
агаве,суккуленты,14,10,12,21,52
айстрa,декоративно-цветущие,3,2,3,5,26
аквилегия,декоративно-цветущие,3,2,3,5,26
алиссум,декоративно-цветущие,3,2,3,5,26
альстромерия,декоративно-цветущие,3,2,3,5,26
амарант,декоративно-лиственные,3,2,3,5,26
анигозантос,декоративно-цветущие,3,2,3,5,26
арековая пальма,пальмы,10,7,10,14,52
астильба,декоративно-цветущие,7,5,10,14,52
аубреция,декоративно-цветущие,3,2,3,5,26
афеландра,декоративно-цветущие,3,2,3,5,26
бальзамин,декоративно-цветущие,5,3,5,7,26
береза,декоративные,21,14,21,30,104
бессмертник,декоративно-цветущие,3,2,3,5,26
бокарнея,суккуленты,14,10,12,21,52
броваллия,декоративно-цветущие,3,2,3,5,26
бурьяк,декоративно-цветущие,3,2,3,5,26
вербена,декоративно-цветущие,3,2,3,5,26
вероника,декоративно-цветущие,3,2,3,5,26
винка,декоративно-цветущие,3,2,3,5,26
всходник,декоративные,3,2,3,5,26
вьюнок,декоративные,7,5,10,14,52
гардения,декоративно-цветущие,7,5,10,14,52
гвоздика,декоративно-цветущие,3,2,3,5,26
гемантус,декоративно-цветущие,3,2,3,5,26
гелиотроп,декоративно-цветущие,3,2,3,5,26
гелениум,декоративно-цветущие,3,2,3,5,26
георгина,декоративно-цветущие,3,2,3,5,26
глоксиния,декоративно-цветущие,3,2,3,5,26
гортензия,декоративно-цветущие,7,5,10,14,52
гранат,плодовые,14,10,21,30,104
гранатник,плодовые,14,10,21,30,104
гравилат,декоративно-цветущие,3,2,3,5,26
гуавa,плодовые,14,10,21,30,104
дальбергия,декоративные,7,5,10,14,52
диня,плодовые,14,10,21,30,104
драцена,декоративно-лиственные,7,5,10,14,52
душистый горошек,декоративно-цветущие,3,2,3,5,26
евкалипт,декоративно-лиственные,14,10,21,30,104
жасмин,декоративно-цветущие,7,5,10,14,52
жимолость,плодовые,14,10,21,30,104
замиокулькас,декоративно-лиственные,21,14,21,30,104
земляника,плодовые,14,10,21,30,104
ирис,декоративно-цветущие,7,5,10,14,52
кактус,суккуленты,21,14,21,30,104
каланхоэ,суккуленты,14,10,12,21,52
камелия,декоративно-цветущие,7,5,10,14,52
канделябр,декоративно-цветущие,3,2,3,5,26
каперс,плодовые,14,10,21,30,104
карамфил,декоративно-цветущие,3,2,3,5,26
капуста декоративная,декоративные,7,5,10,14,52
карликовая пальма,пальмы,10,7,10,14,52
кедр,хвойные,21,14,21,30,104
келлерия,декоративные,3,2,3,5,26
киви,плодовые,14,10,21,30,104
клематис,декоративно-цветущие,7,5,10,14,52
клюква,плодовые,14,10,21,30,104
колеус,декоративно-лиственные,7,5,10,14,52
комнатная пальма,пальмы,10,7,10,14,52
конопля,плодовые,14,10,21,30,104
коптиллия,декоративные,3,2,3,5,26
космея,декоративно-цветущие,3,2,3,5,26
крапива,декоративные,2,2,3,5,12
крассула,суккуленты,14,10,12,21,52
кукуруза декоративная,декоративные,7,5,10,14,52
кустарник,декоративные,7,5,10,14,52
лаванда,пряные,7,5,10,14,52
левкой,декоративно-цветущие,3,2,3,5,26
лимон,плодовые,7,5,10,14,52
лилия,декоративно-цветущие,7,5,10,14,52
липa,декоративные,21,14,21,30,104
лук,пряные,2,2,3,5,12
люпин,декоративно-цветущие,3,2,3,5,26
малина,плодовые,14,10,21,30,104
мандарин,плодовые,7,5,10,14,52
мирт,декоративные,7,5,10,14,52
мята,пряные,2,2,3,5,26
монстера,декоративно-лиственные,7,5,10,14,52
мускатная тыква,плодовые,14,10,21,30,104
наперстянка,декоративно-цветущие,3,2,3,5,26
настурция,декоративно-цветущие,3,2,3,5,26
нектарин,плодовые,14,10,21,30,104
огурец,плодовые,14,10,21,30,104
олива,плодовые,14,10,21,30,104
орегано,пряные,2,2,3,5,26
орхидея,орхидеи,10,7,10,14,52
папоротник,папоротники,3,2,3,5,26
папайя,плодовые,14,10,21,30,104
пеларгония,декоративно-цветущие,5,3,5,7,26
петунья,декоративно-цветущие,3,2,3,5,26
пихта,хвойные,21,14,21,30,104
плющ,ампельные,7,5,10,14,52
подсолнечник,декоративные,14,10,21,30,104
полынь,пряные,2,2,3,5,12
примула,декоративно-цветущие,3,2,3,5,26
пузыреплодник,декоративные,7,5,10,14,52
розмарин,пряные,7,5,10,14,52
роза,декоративно-цветущие,7,5,10,14,52
руккола,плодовые,2,2,3,5,12
рябина,декоративные,14,10,21,30,104
сальвия,декоративно-цветущие,3,2,3,5,26
сциндапсус,ампельные,7,5,10,14,52
сенполия,декоративно-цветущие,3,2,3,5,26
спатифиллум,декоративно-цветущие,3,2,3,5,26
стефанотис,декоративно-цветущие,7,5,10,14,52
суккуленты,суккуленты,14,10,12,21,52
таволга,декоративные,3,2,3,5,26
тапиока,плодовые,14,10,21,30,104
традесканция,ампельные,7,5,10,14,52
тюльпан,декоративно-цветущие,3,2,3,5,26
тыква,плодовые,14,10,21,30,104
фаленопсис,орхидеи,10,7,10,14,52
фиалка,декоративно-цветущие,3,2,3,5,26
фикус,декоративно-лиственные,7,5,10,14,52
фуксия,декоративно-цветущие,3,2,3,5,26
хамедорея,пальмы,10,7,10,14,52
хризантема,декоративно-цветущие,7,5,10,14,52
хлорофитум,листовые,3,2,3,5,26
хойя,декоративно-цветущие,7,5,10,14,52
цитрус,плодовые,7,5,10,14,52
цикламен,декоративно-цветущие,7,5,7,10,52
чабрец,пряные,2,2,3,5,12
черника,плодовые,14,10,21,30,104
черемуха,декоративные,14,10,21,30,104
черешня,плодовые,14,10,21,30,104
череда,декоративно-цветущие,3,2,3,5,26
чубушник,декоративные,7,5,10,14,52
шалфей,пряные,2,2,3,5,12
шиповник,декоративные,7,5,10,14,52
шефлера,декоративно-лиственные,7,5,10,14,52
щавель,плодовые,2,2,3,5,12
эустома,декоративно-цветущие,3,2,3,5,26
эвкалипт,декоративно-лиственные,14,10,21,30,104
эхеверия,суккуленты,14,10,12,21,52
яблоня,плодовые,14,10,21,30,104
ягодица,декоративные,7,5,10,14,52
ягодные кусты,плодовые,14,10,21,30,104
айва,плодовые,14,10,21,30,104
акация,декоративные,14,10,12,21,52
абрикос,плодовые,14,10,21,30,104
барбарис,декоративные,7,5,10,14,52
баклажан,плодовые,14,10,21,30,104
бамбук,декоративные,7,5,10,14,52
бадан,декоративные,7,5,10,14,52
бегония,декоративно-цветущие,5,3,5,7,26
бессмертник,декоративно-цветущие,3,2,3,5,26
береза,декоративные,21,14,21,30,104
брунфельсия,декоративно-цветущие,7,5,10,14,52
валериана,декоративно-цветущие,3,2,3,5,26
васильки,декоративно-цветущие,3,2,3,5,26
вербена,декоративно-цветущие,3,2,3,5,26
вереск,декоративные,7,5,10,14,52
вероника,декоративно-цветущие,3,2,3,5,26
виноград,плодовые,14,10,21,30,104
вишня,плодовые,14,10,21,30,104
гардения,декоративно-цветущие,7,5,10,14,52
гвоздика,декоративно-цветущие,3,2,3,5,26
герань,декоративно-цветущие,5,3,5,7,26
гладиолус,декоративно-цветущие,3,2,3,5,26
глоксиния,декоративно-цветущие,3,2,3,5,26
гортензия,декоративно-цветущие,7,5,10,14,52
груша,плодовые,14,10,21,30,104
гуава,плодовые,14,10,21,30,104
дыня,плодовые,14,10,21,30,104
жасмин,декоративно-цветущие,7,5,10,14,52
жимолость,плодовые,14,10,21,30,104
замиокулькас,декоративно-лиственные,21,14,21,30,104
земляника,плодовые,14,10,21,30,104
ипомея,декоративные,7,5,10,14,52
ирис,декоративно-цветущие,7,5,10,14,52
кактус,суккуленты,21,14,21,30,104
каланхоэ,суккуленты,14,10,12,21,52
камелия,декоративно-цветущие,7,5,10,14,52
капуста декоративная,декоративные,7,5,10,14,52
кедр,хвойные,21,14,21,30,104
киви,плодовые,14,10,21,30,104
клематис,декоративно-цветущие,7,5,10,14,52
клюква,плодовые,14,10,21,30,104
колеус,декоративно-лиственные,7,5,10,14,52
комнатная пальма,пальмы,10,7,10,14,52
конопля,плодовые,14,10,21,30,104
космея,декоративно-цветущие,3,2,3,5,26
крапива,декоративные,2,2,3,5,12
крассула,суккуленты,14,10,12,21,52
кукуруза декоративная,декоративные,7,5,10,14,52
кустарник,декоративные,7,5,10,14,52
лаванда,пряные,7,5,10,14,52
левкой,декоративно-цветущие,3,2,3,5,26
лимон,плодовые,7,5,10,14,52
лилия,декоративно-цветущие,7,5,10,14,52
липa,декоративные,21,14,21,30,104
лук,пряные,2,2,3,5,12
люпин,декоративно-цветущие,3,2,3,5,26
малина,плодовые,14,10,21,30,104
мандарин,плодовые,7,5,10,14,52
мирт,декоративные,7,5,10,14,52
мята,пряные,2,2,3,5,26
монстера,декоративно-лиственные,7,5,10,14,52
мускатная тыква,плодовые,14,10,21,30,104
нарцисс,декоративно-цветущие,3,2,3,5,26
настурция,декоративно-цветущие,3,2,3,5,26
незабудка,декоративно-цветущие,3,2,3,5,26
нефролепис,папоротники,3,2,3,5,26
папайя,плодовые,14,10,21,30,104
папоротник,папоротники,3,2,3,5,26
пеларгония,декоративно-цветущие,5,3,5,7,26
петрушка,пряные,2,2,3,5,12
петуния,декоративно-цветущие,3,2,3,5,26
подсолнечник,декоративно-цветущие,7,5,10,14,52
полынь,пряные,2,2,3,5,12
примула,декоративно-цветущие,3,2,3,5,26
роза,декоративно-цветущие,7,5,10,14,52
розмарин,пряные,7,5,10,14,52
руккола,плодовые,2,2,3,5,12
сальвия,декоративно-цветущие,3,2,3,5,26
сосна,хвойные,21,14,21,30,104
спатифиллум,декоративно-цветущие,3,2,3,5,26
стефанотис,декоративно-цветущие,7,5,10,14,52
тополь,декоративные,21,14,21,30,104
традесканция,ампельные,7,5,10,14,52
туя,хвойные,21,14,21,30,104
тыква,плодовые,14,10,21,30,104
фаленопсис,орхидеи,10,7,10,14,52
фиалка,декоративно-цветущие,3,2,3,5,26
фикус,декоративно-лиственные,7,5,10,14,52
фуксия,декоративно-цветущие,3,2,3,5,26
хамедорея,пальмы,10,7,10,14,52
хризантема,декоративно-цветущие,7,5,10,14,52
хлорофитум,листовые,3,2,3,5,26
хойя,декоративно-цветущие,7,5,10,14,52
цикламен,декоративно-цветущие,7,5,7,10,52
цитрус,плодовые,7,5,10,14,52
чабрец,пряные,2,2,3,5,12
черника,плодовые,14,10,21,30,104
черешня,плодовые,14,10,21,30,104
черемуха,декоративные,14,10,21,30,104
череда,декоративно-цветущие,3,2,3,5,26
чубушник,декоративные,7,5,10,14,52
шалфей,пряные,2,2,3,5,12
шиповник,декоративные,7,5,10,14,52
шефлера,декоративно-лиственные,7,5,10,14,52
щавель,плодовые,2,2,3,5,12
эвкалипт,декоративно-лиственные,14,10,21,30,104
эустома,декоративно-цветущие,3,2,3,5,26
эхеверия,суккуленты,14,10,12,21,52
ягодица,декоративные,7,5,10,14,52
ягодные кусты,плодовые,14,10,21,30,104
